NumberOfSteps = 102
#time                    Density                  Temp                     Velocity (x,y,z)
0.000000000000000000e+00 3.940279407750727470e-31 2.795461322985849809e+06 7.246333680592613528e+05 5.285983985978722572e+06 2.084673799225981534e+07
4.730156316911338750e+14 4.010648316311018383e-31 2.597073587302614935e+06 7.598695607722675195e+05 5.320184609527857974e+06 2.091651037828140706e+07
7.838544753741496250e+14 4.083094945832829749e-31 2.469469346036753617e+06 7.957804093357864767e+05 5.354873312625087798e+06 2.098691216850447655e+07
1.094693319057277500e+15 4.157703570023855454e-31 2.340796267057333142e+06 8.323849663446566556e+05 5.390062118330665864e+06 2.105795367460373044e+07
1.405532162740293250e+15 4.234562799270033642e-31 2.211033451991916168e+06 8.697036915419687284e+05 5.425764331480123103e+06 2.112964763874783367e+07
1.716371006423421250e+15 4.313765852990199210e-31 2.080159435811905889e+06 9.077567008423216175e+05 5.461993016789679416e+06 2.120200651687576249e+07
2.027209850106493000e+15 4.395410854419681749e-31 1.948152168535867939e+06 9.465662659049612703e+05 5.498763100082780235e+06 2.127504605456247181e+07
2.338048693789565000e+15 4.479601144559748960e-31 1.814988995789501583e+06 9.861543101037398446e+05 5.536088919633682817e+06 2.134878024882323667e+07
2.648887537472749000e+15 4.566445616046461329e-31 1.680646638282407075e+06 1.026544989720015670e+06 5.573986287681493908e+06 2.142322458192017674e+07
2.959726381155764500e+15 4.656059073430090606e-31 1.545101170754971914e+06 1.067762785112393089e+06 5.612470846350205131e+06 2.149839312331552058e+07
3.270565224838892500e+15 4.748562611836274949e-31 1.408327999587023398e+06 1.109832465600747848e+06 5.651558034694102593e+06 2.157429846476977691e+07
3.581404068521964500e+15 4.844084033203109753e-31 1.270301840612746309e+06 1.152781259409240913e+06 5.691264916667698883e+06 2.165095484090069681e+07
3.892242912205036500e+15 4.942758294848369558e-31 1.130996696216248674e+06 1.196636788317202590e+06 5.731608417532655410e+06 2.172837505827162042e+07
4.203081755888164000e+15 5.044727986332293316e-31 9.903858313775365241e+05 1.241427812573614530e+06 5.772605944488901645e+06 2.180657153736655787e+07
4.513920599571180000e+15 5.150143850684971057e-31 8.484417495121231768e+05 1.287185084318265552e+06 5.814276082622278482e+06 2.188555744245690480e+07
4.824759443254308000e+15 5.259165339400199578e-31 7.484058866717966739e+05 1.333939019683430204e+06 5.856636645161931403e+06 2.196534338140511513e+07
5.135598286937380000e+15 5.371961215571546813e-31 7.520846982037889538e+05 1.381722969358752016e+06 5.899707371782004833e+06 2.204594186829671636e+07
5.446437130620508000e+15 5.488710209941485611e-31 7.558162986217645230e+05 1.430570853451946750e+06 5.943507954314831644e+06 2.212736399857704341e+07
5.757275974303579000e+15 5.609601722145971938e-31 7.596018258668577764e+05 1.480518033905606484e+06 5.988058743658947758e+06 2.220962058482852951e+07
6.068114817986707000e+15 5.734836584289523200e-31 7.634424460453853244e+05 1.531601401016084244e+06 6.033380833955897018e+06 2.229272232881014422e+07
6.378953661669779000e+15 5.864627894367115564e-31 7.673393540333313867e+05 1.583860428090541391e+06 6.079496918336834759e+06 2.237668119946799427e+07
6.689792505352851000e+15 5.999201910322432585e-31 7.712937737591610057e+05 1.637334422031277325e+06 6.126429058475797996e+06 2.246150684146792814e+07
7.000631349035923000e+15 6.138799025670866469e-31 7.753069586037266999e+05 1.692066463830610737e+06 6.174201819184382446e+06 2.254721145881198347e+07
7.311470192718995000e+15 6.283674841431779072e-31 7.793801920904325088e+05 1.748101668315541698e+06 6.222840836791276000e+06 2.263380745739355683e+07
7.622309036402179000e+15 6.434101308157254744e-31 7.835147878666545730e+05 1.805485143018020783e+06 6.272371192488642409e+06 2.272130490226203203e+07
7.933147880085194000e+15 6.590367980451990533e-31 7.877120899470103905e+05 1.864266332000754308e+06 6.322820802212220617e+06 2.280971662341092527e+07
8.243986723768322000e+15 6.752783390355828189e-31 7.919734730601789197e+05 1.924495970777442679e+06 6.374217990750112571e+06 2.289905442607328668e+07
8.554825567451394000e+15 6.921676531060158694e-31 7.963003425533124246e+05 1.986227295167643111e+06 6.426592406458078884e+06 2.298933038989270478e+07
8.865664411134466000e+15 7.097398482634307642e-31 8.006941343659395352e+05 2.049516211667038500e+06 6.479975115437194705e+06 2.308055690448302403e+07
9.176503254817594000e+15 7.280324195797255804e-31 8.051563150775515242e+05 2.114422740918013267e+06 6.534399609692127444e+06 2.317274786462460831e+07
9.487342098500610000e+15 7.470854429472776121e-31 8.096883815072047291e+05 2.181008640269652475e+06 6.589899744842619635e+06 2.326591499846154079e+07
9.798180942183738000e+15 7.669417865772809865e-31 8.142918600346178282e+05 2.249340131539183669e+06 6.646511722161938436e+06 2.336007045216801018e+07
1.010901978586681000e+16 7.876473412850203275e-31 8.189683054385924479e+05 2.319484022047360893e+06 6.704271123547506519e+06 2.345522249244971201e+07
1.041985862954993800e+16 8.092512737553435939e-31 8.237192997207756853e+05 2.391513415155943017e+06 6.763217155642458238e+06 2.355138131936703995e+07
1.073069747323301000e+16 8.318063053878591380e-31 8.285464508912215242e+05 2.465503772827983834e+06 6.823389643589574844e+06 2.364855471866918728e+07
1.104153631691608200e+16 8.553690174307689756e-31 8.334513912327272119e+05 2.541536129381222650e+06 6.884831356804003939e+06 2.374675106704885513e+07
1.135237516059920800e+16 8.800001847637044028e-31 8.384357749138333602e+05 2.619692672962894198e+06 6.947584705441687256e+06 2.384597474973958358e+07
1.166321400428228000e+16 9.057651442153037278e-31 8.435012754557642620e+05 2.700063402890911791e+06 7.011696545493843965e+06 2.394623233259424567e+07
1.197405284796535200e+16 9.327342013613715650e-31 8.486495829935176298e+05 2.782741633977433201e+06 7.077214788164176047e+06 2.404752777492986247e+07
1.228489169164842400e+16 9.609830768981336362e-31 8.538824006529642502e+05 2.867827683128970675e+06 7.144190799832094461e+06 2.414986474166471511e+07
1.259573053533160800e+16 9.905933960951283878e-31 8.592014398332912242e+05 2.955423734152935911e+06 7.212675588492760435e+06 2.425324138657694310e+07
1.290656937901468000e+16 1.021653230220077180e-30 8.646084150492771296e+05 3.045641627878108993e+06 7.282725262356270105e+06 2.435765687938373536e+07
1.321740822269775200e+16 1.054257696295332045e-30 8.701050382863603299e+05 3.138597696656441316e+06 7.354397261085189879e+06 2.446310644296085089e+07
1.352824706638082400e+16 1.088509615930824802e-30 8.756930117728266632e+05 3.234415101202365942e+06 7.427751906580360606e+06 2.456958294291909039e+07
1.383908591006389600e+16 1.124520245776647275e-30 8.813740200166592840e+05 3.333224374899165705e+06 7.502852663370757364e+06 2.467707682924591377e+07
1.414992475374702400e+16 1.162410085954131894e-30 8.871497206510378746e+05 3.435164027512213681e+06 7.579766423226307146e+06 2.478557605381078646e+07
1.446076359743004000e+16 1.202309775062568666e-30 8.930217338736439124e+05 3.540381147446002811e+06 7.658563674895441160e+06 2.489506550423105806e+07
1.477160244111316800e+16 1.244361079805938478e-30 8.989916300368355587e+05 3.649031788294546306e+06 7.739318168738702312e+06 2.500552475770746171e+07
1.508244128479624000e+16 1.288717989441617399e-30 9.050609151374460198e+05 3.761281578594082501e+06 7.822107048274056055e+06 2.511692733668975905e+07
1.539328012847936800e+16 1.335547928362467090e-30 9.112310142023519147e+05 3.877306485750240274e+06 7.907011185776316561e+06 2.522924050008340552e+07
1.570411897216249600e+16 1.385033100528056203e-30 9.175032523751263507e+05 3.997293674501909874e+06 7.994115559544281103e+06 2.534242500923829898e+07
1.601495781584551000e+16 1.437371975784978219e-30 9.238788328598495573e+05 4.121439393539438490e+06 8.083507675586169586e+06 2.545643293983485922e+07
1.632579665952863800e+16 1.492780941631407307e-30 9.303588124078391120e+05 4.249955906930195168e+06 8.175281851277166978e+06 2.557121105883047730e+07
1.663663550321171000e+16 1.551496138675524809e-30 9.369440739595616469e+05 4.383069734586070292e+06 8.269537582201880403e+06 2.568669764970177412e+07
1.694747434689478200e+16 1.613775473628258814e-30 9.436352932752131019e+05 4.521015262066874653e+06 8.366374564403994940e+06 2.580281503322047368e+07
1.725831319057791000e+16 1.679900851141567230e-30 9.504329019136305433e+05 4.664049353497597389e+06 8.465901525500660762e+06 2.591947584469622374e+07
1.756915203426092600e+16 1.750180652303306842e-30 9.573370466599041829e+05 4.812446312768256292e+06 8.568232628634180874e+06 2.603657852729306370e+07
1.787999087794411000e+16 1.824952442409022505e-30 9.643475410152418772e+05 4.966491245518583804e+06 8.673483040981974453e+06 2.615400269143216312e+07
1.819082972162718000e+16 1.904585954308881255e-30 9.714638112415440846e+05 5.126493121016288176e+06 8.781776600427405909e+06 2.627161376114613563e+07
1.850166856531025200e+16 1.989486365294014742e-30 9.786848362147238804e+05 5.292778165361958556e+06 8.893241041796378791e+06 2.638925681570703536e+07
1.881250740899332400e+16 2.080097866618679988e-30 9.860090790656879544e+05 5.465699305483753793e+06 9.008011937229355797e+06 2.650675315788421407e+07
1.912334625267639600e+16 2.176907526999523865e-30 9.934344096457563573e+05 5.645628538779555820e+06 9.126227211917256936e+06 2.662389332406331226e+07
1.943418509635952400e+16 2.280449441894738186e-30 1.000958016989570693e+06 5.832963285271141678e+06 9.248030324571171775e+06 2.674043701487798989e+07
1.974502394004259600e+16 2.391309159285008793e-30 1.008576311969629140e+06 6.028123003854263574e+06 9.373567649378944188e+06 2.685610919827356189e+07
2.005586278372566800e+16 2.510128360323894699e-30 1.016284820619357750e+06 6.231562379105170257e+06 9.502995179526066408e+06 2.697060040493302047e+07
2.036670162740879600e+16 2.637609704014109814e-30 1.024078065831668093e+06 6.443761242442384362e+06 9.636470557499062270e+06 2.708355442103058472e+07
2.067754047109192400e+16 2.774521668720093830e-30 1.031949434045521193e+06 6.665224284249487333e+06 9.774150864276839420e+06 2.719455952077322453e+07
2.098837931477494000e+16 2.921703269286380957e-30 1.039891030761978822e+06 6.896488968760778196e+06 9.916195958946555853e+06 2.730314573709216714e+07
2.129921815845806800e+16 3.080068398030899237e-30 1.047893525129624875e+06 7.138120472556771711e+06 1.006276454166826047e+07 2.740877894356247038e+07
2.161005700214114000e+16 3.250609468941625113e-30 1.055945986176255392e+06 7.390728299433119595e+06 1.021402132771707512e+07 2.751085583847409487e+07
2.192089584582421200e+16 3.434399778597092691e-30 1.064035707905029878e+06 7.654941091696301475e+06 1.037011896608825400e+07 2.760868098194345087e+07
2.223173468950728400e+16 3.632593803681559928e-30 1.072148023555046413e+06 7.931410287475874647e+06 1.053119660829484649e+07 2.770145292750822753e+07
2.254257353319035600e+16 3.846424655731257968e-30 1.080266121726200217e+06 8.220817876905975863e+06 1.069738213529695943e+07 2.778825711786767468e+07
2.285341237687354000e+16 4.077197452798484659e-30 1.088370870077319909e+06 8.523865900038072839e+06 1.086878477268844098e+07 2.786805695018096641e+07
2.316425122055661200e+16 4.326276930874397976e-30 1.096440653269709321e+06 8.841270444297168404e+06 1.104548804162604176e+07 2.793967669058553129e+07
2.347509006423968400e+16 4.595067118610861249e-30 1.104451235121542122e+06 9.173739230363644660e+06 1.122753318885886110e+07 2.800177901780990511e+07
2.378592890792281200e+16 4.884980592302055502e-30 1.112375666371959262e+06 9.521984232451166958e+06 1.141492225314397737e+07 2.805285114496703073e+07
2.409676775160582800e+16 5.197394262839989350e-30 1.120184261273251381e+06 9.886700049943633378e+06 1.160760471058411337e+07 2.809119432609128207e+07
2.440760659528895600e+16 5.533587577615444602e-30 1.127844657456121407e+06 1.026851740218843706e+07 1.180545086929950491e+07 2.811491022874877229e+07
2.471844543897197200e+16 5.894658894176210241e-30 1.135321990475750994e+06 1.066799720038917102e+07 1.200824040248449706e+07 2.812186507557563111e+07
2.502928428265510000e+16 6.281415696602757948e-30 1.142579218480644049e+06 1.108558646623105742e+07 1.221563955552320927e+07 2.810968706412353367e+07
2.534012312633822800e+16 6.694234473320494273e-30 1.149577627315231599e+06 1.152158154591460340e+07 1.242718284709328972e+07 2.807576733206472173e+07
2.565096197002130000e+16 7.132887390891636254e-30 1.156277544078234350e+06 1.197607601755090803e+07 1.264224395930810086e+07 2.801724779874873161e+07
2.596180081370442800e+16 7.596335091407388440e-30 1.162639270649277372e+06 1.244887432312391140e+07 1.285999215198336914e+07 2.793102074119534716e+07
2.627263965738750000e+16 8.082490636205099480e-30 1.168624247443383560e+06 1.293946520238866657e+07 1.307938249904543720e+07 2.781374437544910610e+07
2.658347850107057200e+16 8.587965870367081761e-30 1.174196412589664338e+06 1.344687501422933489e+07 1.329910705754100159e+07 2.766194869857904315e+07
2.689431734475364400e+16 9.107821736133417584e-30 1.179323690160642611e+06 1.396964341853211261e+07 1.351758932261730917e+07 2.747206434046550468e+07
2.720515618843671200e+16 9.635357221197759949e-30 1.183979502696414944e+06 1.450572121268901974e+07 1.373295717073541135e+07 2.724052606171648949e+07
2.751599503211984000e+16 1.016198240400308464e-29 1.188144134182841750e+06 1.505238509885982983e+07 1.394303990310973860e+07 2.696394226349340379e+07
2.782683387580296800e+16 1.067723399831201770e-29 1.191805761876927223e+06 1.560626349701316841e+07 1.414540536008428037e+07 2.663919791814619675e+07
2.813767271948604000e+16 1.116898947196468651e-29 1.194960927745906636e+06 1.616320586761389673e+07 1.433736967244735174e+07 2.626377442226145044e+07
2.844851156316911200e+16 1.162392606290472428e-29 1.197614280459014699e+06 1.671842067099541426e+07 1.451608303722346947e+07 2.583581974901054427e+07
2.875935040685218400e+16 1.202824147736211163e-29 1.199777509805103065e+06 1.726649236093039811e+07 1.467861145615632087e+07 2.535445841717868671e+07
2.907018925053525600e+16 1.236860056641960659e-29 1.201467513457202120e+06 1.780157669863140211e+07 1.482206722100939602e+07 2.481992817600711435e+07
2.938102809421838400e+16 1.263321953701326976e-29 1.202704039323942969e+06 1.831764492457336932e+07 1.494374516454431042e+07 2.423363678481412679e+07
2.969186693790145600e+16 1.281293549781029149e-29 1.203507140983379213e+06 1.880864807237002626e+07 1.504126490502447076e+07 2.359841327781638876e+07
3.000270578158452800e+16 1.290209091595706391e-29 1.203894910934882471e+06 1.926890592836714163e+07 1.511270024163883738e+07 2.291822705685898289e+07
3.031354462526771200e+16 1.289907584742853867e-29 1.203881910641833674e+06 1.969331029913737625e+07 1.515668979222092591e+07 2.219822182961159199e+07
3.062438346895072800e+16 1.280642442915540839e-29 1.203478548464168562e+06 2.007759860101754591e+07 1.517249499206205830e+07 2.144437741050793603e+07
3.093522231263385600e+16 1.263045676342496565e-29 1.202691465534136165e+06 2.041850205095806345e+07 1.516002853918191977e+07 2.066331297849966958e+07
3.124606115631687200e+16 1.238054281571837740e-29 1.201524743234973866e+06 2.071384733339746296e+07 1.511982712210465595e+07 1.986195389601691067e+07
3.155690000000000000e+16 1.206813664405200081e-29 1.199981617330313893e+06 2.096257027750393376e+07 1.505296547747494094e+07 1.904713794245633110e+07
